<OBJECT>Planet
<OBJECT-NAME>Earth
<OBJECT-DATE>2016/07/04 21:00
<OBJECT-DIAMETER>12742.00
<OBJECT-GRAVITY>5.510
<OBJECT-GRAVITY-UNIT>rho
<OBJECT-STAR-DISTANCE>1
<OBJECT-STAR-VELOCITY>-0
<OBJECT-SOLAR-LONGITUDE>226.1
<OBJECT-SOLAR-LATITUDE>22.91
<OBJECT-SEASON>103.4
<OBJECT-STAR-TYPE>G
<OBJECT-STAR-TEMPERATURE>5777
<OBJECT-STAR-RADIUS>1.0
<OBJECT-OBS-LONGITUDE>226.10
<OBJECT-OBS-LATITUDE>74.91
<OBJECT-OBS-VELOCITY>0.000
<OBJECT-PERIOD>1.00000000
<OBJECT-ORBIT>0.01671100,348.73936,365.25640000,114.19832,0.98329,2458120.575240
<OBJECT-POSITION-ANGLE>359.24
<OBJECT-INCLINATION>-0.00
<GEOMETRY>LookingSolar
<GEOMETRY-OFFSET-NS>0.0
<GEOMETRY-OFFSET-EW>0.0
<GEOMETRY-OFFSET-UNIT>arcsec
<GEOMETRY-OBS-ALTITUDE>3.0
<GEOMETRY-ALTITUDE-UNIT>km
<GEOMETRY-USER-PARAM>0.0
<GEOMETRY-STELLAR-TYPE>G
<GEOMETRY-STELLAR-TEMPERATURE>5777
<GEOMETRY-STELLAR-MAGNITUDE>0
<GEOMETRY-SOLAR-ANGLE>52.000
<GEOMETRY-OBS-ANGLE>52.000
<GEOMETRY-PLANET-FRACTION>0.000000e+00
<GEOMETRY-STAR-DISTANCE>-1.000000e+00
<GEOMETRY-STAR-FRACTION>0.000000e+00
<GEOMETRY-REF>USA Maryland
<GEOMETRY-DISK-ANGLES>1
<GEOMETRY-ROTATION>0.00,0.00
<GEOMETRY-BRDFSCALER>1.0
<GEOMETRY-AZIMUTH>0.000
<ATMOSPHERE-DESCRIPTION>Earth at 36 m, NASA/MERRA2 2016/07/04
<ATMOSPHERE-STRUCTURE>Equilibrium
<ATMOSPHERE-WEIGHT>28.97
<ATMOSPHERE-PRESSURE>1.0029e+00
<ATMOSPHERE-PUNIT>bar
<ATMOSPHERE-NGAS>8
<ATMOSPHERE-GAS>H2O,CO2,O3,N2O,CO,CH4,O2,N2
<ATMOSPHERE-TYPE>HIT[1],HIT[2],HIT[3],HIT[4],HIT[5],HIT[6],HIT[7],HIT[22]
<ATMOSPHERE-ABUN>1,1,1,1,1,1,1,1
<ATMOSPHERE-UNIT>scl,scl,scl,scl,scl,scl,scl,scl
<ATMOSPHERE-LAYERS-MOLECULES>H2O,CO2,O3,N2O,CO,CH4,O2,NO,SO2,NO2,NH3,HNO3,OH,HF,HCl,HBr,HI,ClO,OCS,H2CO,HOCl,N2,HCN,CH3Cl,H2O2,C2H2,C2H6,PH3,WaterIce
<ATMOSPHERE-LAYERS>72
<ATMOSPHERE-LAYER-1>1.0029e+00,2.9464e+02,2.6057e-02,3.7950e-04,4.7611e-08,3.2000e-07,1.4936e-07,1.7000e-06,2.0900e-01,3.0000e-10,2.9668e-10,2.3000e-11,5.0000e-10,5.1219e-11,0.0000e+00,0.0000e+00,9.6787e-10,1.7000e-12,3.0000e-12,0.0000e+00,5.9873e-10,2.2287e-09,8.0670e-12,7.8100e-01,1.6936e-10,6.9617e-10,1.9936e-10,2.8356e-10,2.0000e-09,0.0000e+00,0.0000e+00
<ATMOSPHERE-LAYER-2>9.8369e-01,2.9349e+02,2.5597e-02,3.7950e-04,4.7634e-08,3.2000e-07,1.4868e-07,1.7000e-06,2.0900e-01,3.0000e-10,2.9314e-10,2.3000e-11,5.0000e-10,5.2528e-11,0.0000e+00,0.0000e+00,9.3364e-10,1.7000e-12,3.0000e-12,0.0000e+00,5.9736e-10,2.0472e-09,8.4625e-12,7.8100e-01,1.6868e-10,6.9208e-10,1.9868e-10,2.6609e-10,2.0000e-09,0.0000e+00,0.0000e+00
<ATMOSPHERE-LAYER-3>9.6857e-01,2.9247e+02,2.5209e-02,3.7950e-04,4.7685e-08,3.2000e-07,1.4800e-07,1.7000e-06,2.0900e-01,3.0000e-10,2.8959e-10,2.3000e-11,5.0000e-10,5.3836e-11,0.0000e+00,0.0000e+00,8.9943e-10,1.7000e-12,3.0000e-12,0.0000e+00,5.9600e-10,1.8658e-09,8.8578e-12,7.8100e-01,1.6800e-10,6.8800e-10,1.9800e-10,2.4864e-10,2.0000e-09,0.0000e+00,0.0000e+00
<ATMOSPHERE-LAYER-4>9.5344e-01,2.9176e+02,2.4643e-02,3.7950e-04,4.7798e-08,3.2000e-07,1.4732e-07,1.7000e-06,2.0900e-01,3.0000e-10,2.8605e-10,2.3000e-11,5.0000e-10,5.5145e-11,0.0000e+00,0.0000e+00,8.6520e-10,1.7000e-12,3.0000e-12,0.0000e+00,5.9464e-10,1.6842e-09,9.2532e-12,7.8100e-01,1.6732e-10,6.8391e-10,1.9732e-10,2.3118e-10,2.0000e-09,0.0000e+00,0.0000e+00
<ATMOSPHERE-LAYER-5>9.3830e-01,2.9124e+02,2.4127e-02,3.7950e-04,4.8069e-08,3.2000e-07,1.4664e-07,1.7000e-06,2.0900e-01,3.0000e-10,2.8250e-10,2.3000e-11,5.0000e-10,5.6454e-11,0.0000e+00,0.0000e+00,8.3096e-10,1.7000e-12,3.0000e-12,0.0000e+00,5.9327e-10,1.5024e-09,9.6489e-12,7.8100e-01,1.6664e-10,6.7981e-10,1.9664e-10,2.1371e-10,2.0000e-09,0.0000e+00,0.0000e+00
<ATMOSPHERE-LAYER-6>9.2316e-01,2.9074e+02,2.3750e-02,3.7950e-04,4.8527e-08,3.2000e-07,1.4595e-07,1.7000e-06,2.0900e-01,3.0000e-10,2.7896e-10,2.3000e-11,5.0000e-10,5.7764e-11,0.0000e+00,0.0000e+00,7.9672e-10,1.7000e-12,3.0000e-12,0.0000e+00,5.9191e-10,1.3207e-09,1.0045e-11,7.8100e-01,1.6595e-10,6.7572e-10,1.9595e-10,1.9623e-10,2.0000e-09,0.0000e+00,0.0000e+00
<ATMOSPHERE-LAYER-7>9.0801e-01,2.9031e+02,2.3503e-02,3.7950e-04,4.9223e-08,3.2000e-07,1.4527e-07,1.7000e-06,2.0900e-01,3.0000e-10,2.7526e-10,2.3000e-11,4.9962e-10,5.9085e-11,0.0000e+00,0.0000e+00,7.6286e-10,1.7000e-12,3.0000e-12,0.0000e+00,5.9053e-10,1.1446e-09,1.0430e-11,7.8100e-01,1.6530e-10,6.7163e-10,1.9529e-10,1.7917e-10,2.0000e-09,0.0000e+00,0.0000e+00
<ATMOSPHERE-LAYER-8>8.9285e-01,2.8985e+02,2.3234e-02,3.7950e-04,5.0021e-08,3.2000e-07,1.4453e-07,1.7000e-06,2.0900e-01,3.0000e-10,2.7052e-10,2.3000e-11,4.9662e-10,6.0480e-11,0.0000e+00,0.0000e+00,7.3171e-10,1.7000e-12,3.0000e-12,0.0000e+00,5.8909e-10,1.0080e-09,1.0745e-11,7.8100e-01,1.6482e-10,6.6753e-10,1.9473e-10,1.6494e-10,2.0000e-09,0.0000e+00,0.0000e+00
<ATMOSPHERE-LAYER-9>8.7776e-01,2.8953e+02,2.3134e-02,3.7950e-04,5.1500e-08,3.2000e-07,1.4376e-07,1.7000e-06,2.0900e-01,3.0000e-10,2.6478e-10,2.3000e-11,4.9103e-10,6.1944e-11,0.0000e+00,0.0000e+00,7.0334e-10,1.7000e-12,3.0000e-12,0.0000e+00,5.8758e-10,9.0735e-10,1.0987e-11,7.8100e-01,1.6452e-10,6.6346e-10,1.9427e-10,1.5342e-10,2.0000e-09,0.0000e+00,0.0000e+00
<ATMOSPHERE-LAYER-10>8.6259e-01,2.8925e+02,2.3077e-02,3.7950e-04,5.3396e-08,3.2000e-07,1.4299e-07,1.7000e-06,2.0900e-01,3.0000e-10,2.5902e-10,2.3000e-11,4.8542e-10,6.3415e-11,0.0000e+00,0.0000e+00,6.7482e-10,1.7000e-12,3.0000e-12,0.0000e+00,5.8606e-10,8.0615e-10,1.1229e-11,7.8100e-01,1.6421e-10,6.5937e-10,1.9382e-10,1.4184e-10,2.0000e-09,0.0000e+00,0.0000e+00
<ATMOSPHERE-LAYER-11>8.4750e-01,2.8885e+02,2.2858e-02,3.7950e-04,5.4641e-08,3.2000e-07,1.4222e-07,1.7000e-06,2.0900e-01,3.0000e-10,2.5329e-10,2.3000e-11,4.7984e-10,6.4879e-11,0.0000e+00,0.0000e+00,6.4644e-10,1.7000e-12,3.0000e-12,0.0000e+00,5.8455e-10,7.0543e-10,1.1471e-11,7.8100e-01,1.6391e-10,6.5529e-10,1.9337e-10,1.3031e-10,2.0000e-09,0.0000e+00,0.0000e+00
<ATMOSPHERE-LAYER-12>8.3231e-01,2.8832e+02,2.2486e-02,3.7950e-04,5.5137e-08,3.2000e-07,1.4145e-07,1.7000e-06,2.0900e-01,3.0000e-10,2.4751e-10,2.3000e-11,4.7422e-10,6.6350e-11,0.0000e+00,0.0000e+00,6.1786e-10,1.7000e-12,3.0000e-12,0.0000e+00,5.8304e-10,6.0343e-10,1.1714e-11,7.8100e-01,1.6361e-10,6.5119e-10,1.9291e-10,1.1868e-10,2.0000e-09,0.0000e+00,0.0000e+00
<ATMOSPHERE-LAYER-13>8.1469e-01,2.8756e+02,2.1898e-02,3.7950e-04,5.5128e-08,3.2000e-07,1.4055e-07,1.7000e-06,2.0900e-01,3.0000e-10,2.4068e-10,2.3000e-11,4.6710e-10,6.8067e-11,0.0000e+00,0.0000e+00,5.8509e-10,1.7000e-12,3.0000e-12,0.0000e+00,5.8126e-10,4.9040e-10,1.1968e-11,7.8100e-01,1.6325e-10,6.4648e-10,1.9238e-10,1.0570e-10,2.0000e-09,0.0000e+00,0.0000e+00
<ATMOSPHERE-LAYER-14>7.9199e-01,2.8645e+02,2.0952e-02,3.7950e-04,5.5011e-08,3.2000e-07,1.3936e-07,1.7000e-06,2.0900e-01,3.0000e-10,2.3097e-10,2.3000e-11,4.5393e-10,7.0350e-11,0.0000e+00,0.0000e+00,5.4574e-10,1.7000e-12,3.0000e-12,0.0000e+00,5.7892e-10,3.8431e-10,1.2113e-11,7.8100e-01,1.6278e-10,6.4073e-10,1.9168e-10,9.2583e-11,2.0000e-09,0.0000e+00,0.0000e+00
<ATMOSPHERE-LAYER-15>7.6674e-01,2.8520e+02,2.0013e-02,3.7950e-04,5.5031e-08,3.2000e-07,1.3799e-07,1.7000e-06,2.0900e-01,3.0000e-10,2.1834e-10,2.3000e-11,4.3115e-10,7.3040e-11,0.0000e+00,0.0000e+00,5.0758e-10,1.7000e-12,3.0000e-12,0.0000e+00,5.7617e-10,3.3567e-10,1.1894e-11,7.8100e-01,1.6223e-10,6.3496e-10,1.9085e-10,8.4813e-11,2.0000e-09,0.0000e+00,0.0000e+00
<ATMOSPHERE-LAYER-16>7.4152e-01,2.8383e+02,1.8984e-02,3.7950e-04,5.5249e-08,3.2000e-07,1.3662e-07,1.7000e-06,2.0900e-01,3.0000e-10,2.0573e-10,2.3000e-11,4.0840e-10,7.5727e-11,0.0000e+00,0.0000e+00,4.6948e-10,1.7000e-12,3.0000e-12,0.0000e+00,5.7343e-10,2.8707e-10,1.1674e-11,7.8100e-01,1.6169e-10,6.2921e-10,1.9003e-10,7.7053e-11,2.0000e-09,0.0000e+00,0.0000e+00
<ATMOSPHERE-LAYER-17>7.1629e-01,2.8264e+02,1.8225e-02,3.7950e-04,5.5461e-08,3.2000e-07,1.3527e-07,1.6999e-06,2.0900e-01,3.0000e-10,1.9301e-10,2.3000e-11,3.8500e-10,7.8443e-11,0.0000e+00,0.0000e+00,4.3208e-10,1.7000e-12,3.0000e-12,0.0000e+00,5.7072e-10,2.4112e-10,1.1425e-11,7.8100e-01,1.6116e-10,6.2357e-10,1.8913e-10,6.9593e-11,1.9993e-09,0.0000e+00,0.0000e+00
<ATMOSPHERE-LAYER-18>6.9109e-01,2.8111e+02,1.7092e-02,3.7950e-04,5.5939e-08,3.2000e-07,1.3405e-07,1.6993e-06,2.0900e-01,3.0000e-10,1.7980e-10,2.3000e-11,3.5866e-10,8.1293e-11,0.0000e+00,0.0000e+00,3.9811e-10,1.7000e-12,3.0000e-12,0.0000e+00,5.6816e-10,2.0667e-10,1.1031e-11,7.8100e-01,1.6077e-10,6.1855e-10,1.8785e-10,6.3525e-11,1.9954e-09,0.0000e+00,9.3040e-36
<ATMOSPHERE-LAYER-19>6.5954e-01,2.7797e+02,1.4841e-02,3.7950e-04,5.6908e-08,3.2000e-07,1.3264e-07,1.6981e-06,2.0900e-01,3.0000e-10,1.6290e-10,2.3000e-11,3.2321e-10,8.4984e-11,0.0000e+00,0.0000e+00,3.5848e-10,1.7000e-12,3.0000e-12,0.0000e+00,5.6509e-10,1.7323e-10,1.0414e-11,7.8100e-01,1.6039e-10,6.1282e-10,1.8592e-10,5.7108e-11,1.9877e-09,0.0000e+00,6.6079e-31
<ATMOSPHERE-LAYER-20>6.2175e-01,2.7555e+02,1.2973e-02,3.7950e-04,5.8877e-08,3.2000e-07,1.3113e-07,1.6962e-06,2.0900e-01,3.0000e-10,1.4361e-10,2.3000e-11,2.8071e-10,8.9421e-11,0.0000e+00,0.0000e+00,3.1210e-10,1.7000e-12,3.0000e-12,0.0000e+00,5.6142e-10,1.3653e-10,9.6473e-12,7.8100e-01,1.6000e-10,6.0658e-10,1.8342e-10,4.9774e-11,1.9775e-09,0.0000e+00,6.0261e-25
<ATMOSPHERE-LAYER-21>5.8390e-01,2.7321e+02,1.1671e-02,3.7950e-04,6.1446e-08,3.2000e-07,1.3066e-07,1.6910e-06,2.0900e-01,3.0000e-10,1.2932e-10,2.3000e-11,2.3784e-10,9.3957e-11,0.0000e+00,0.0000e+00,2.7125e-10,1.7000e-12,3.0000e-12,0.0000e+00,5.5783e-10,1.1614e-10,8.7318e-12,7.8100e-01,1.6000e-10,6.0404e-10,1.7981e-10,4.4262e-11,1.9620e-09,0.0000e+00,9.6629e-18
<ATMOSPHERE-LAYER-22>5.4610e-01,2.7075e+02,1.0404e-02,3.7950e-04,6.2859e-08,3.2000e-07,1.3013e-07,1.6853e-06,2.0900e-01,3.0000e-10,1.1552e-10,2.3000e-11,1.9703e-10,9.9052e-11,0.0000e+00,0.0000e+00,2.3182e-10,1.7000e-12,3.0000e-12,0.0000e+00,5.5418e-10,9.6934e-11,7.8209e-12,7.8100e-01,1.6000e-10,6.0177e-10,1.7571e-10,3.8948e-11,1.9442e-09,0.0000e+00,1.5225e-09
<ATMOSPHERE-LAYER-23>5.0827e-01,2.6794e+02,8.9949e-03,3.7950e-04,6.2762e-08,3.2000e-07,1.2924e-07,1.6766e-06,2.0900e-01,3.0000e-10,1.0380e-10,2.3000e-11,1.6437e-10,1.0672e-10,0.0000e+00,0.0000e+00,1.9807e-10,1.7000e-12,3.0000e-12,0.0000e+00,5.5021e-10,8.2644e-11,6.9308e-12,7.8100e-01,1.6000e-10,6.0067e-10,1.6939e-10,3.4490e-11,1.9159e-09,0.0000e+00,1.0611e-07
<ATMOSPHERE-LAYER-24>4.7047e-01,2.6481e+02,7.5205e-03,3.7950e-04,6.2460e-08,3.2000e-07,1.2769e-07,1.6658e-06,2.0900e-01,3.0000e-10,9.3277e-11,2.3000e-11,1.3308e-10,1.1502e-10,0.0000e+00,0.0000e+00,1.6618e-10,1.7000e-12,3.0000e-12,0.0000e+00,5.4584e-10,7.0596e-11,6.1487e-12,7.8100e-01,1.6000e-10,6.0000e-10,1.6140e-10,3.0844e-11,1.8865e-09,0.0000e+00,1.1781e-06
<ATMOSPHERE-LAYER-25>4.3267e-01,2.6111e+02,5.9062e-03,3.7950e-04,6.1923e-08,3.1999e-07,1.2509e-07,1.6515e-06,2.0900e-01,3.0000e-10,8.4581e-11,2.3000e-11,1.0406e-10,1.2432e-10,0.0000e+00,0.0000e+00,1.3732e-10,1.7000e-12,3.0000e-12,0.0000e+00,5.4086e-10,6.1978e-11,5.5335e-12,7.8100e-01,1.6000e-10,5.9995e-10,1.5056e-10,2.8452e-11,1.8551e-09,0.0000e+00,3.8035e-06
<ATMOSPHERE-LAYER-26>3.9488e-01,2.5668e+02,4.2471e-03,3.7950e-04,6.1617e-08,3.1968e-07,1.2109e-07,1.6375e-06,2.0900e-01,3.0000e-10,7.6755e-11,2.3002e-11,7.9139e-11,1.3349e-10,0.0000e+00,0.0000e+00,1.1333e-10,1.7000e-12,3.0000e-12,0.0000e+00,5.3540e-10,5.4474e-11,5.0091e-12,7.8100e-01,1.6000e-10,5.9883e-10,1.3389e-10,2.6568e-11,1.8153e-09,0.0000e+00,1.4439e-05
<ATMOSPHERE-LAYER-27>3.5712e-01,2.5156e+02,2.8038e-03,3.7950e-04,6.1824e-08,3.1849e-07,1.1567e-07,1.6246e-06,2.0900e-01,3.0000e-10,7.0093e-11,2.3064e-11,5.6321e-11,1.4335e-10,0.0000e+00,0.0000e+00,9.1898e-11,1.7000e-12,3.0000e-12,0.0000e+00,5.2983e-10,4.7655e-11,4.6114e-12,7.8100e-01,1.6000e-10,5.9675e-10,1.1296e-10,2.5036e-11,1.7679e-09,0.0000e+00,3.5897e-05
<ATMOSPHERE-LAYER-28>3.1336e-01,2.4444e+02,1.5862e-03,3.7950e-04,6.2222e-08,3.1462e-07,1.0698e-07,1.6061e-06,2.0900e-01,3.0000e-10,6.4423e-11,2.3357e-11,3.3358e-11,1.5819e-10,0.0000e+00,0.0000e+00,7.0357e-11,1.7000e-12,3.0000e-12,0.0000e+00,5.2326e-10,4.0759e-11,4.3947e-12,7.8100e-01,1.6000e-10,5.9250e-10,8.2671e-11,2.3675e-11,1.6845e-09,0.0000e+00,9.9748e-05
<ATMOSPHERE-LAYER-29>2.6677e-01,2.3657e+02,8.0457e-04,3.7950e-04,6.4375e-08,3.0562e-07,9.5874e-08,1.5652e-06,2.0900e-01,3.0000e-10,5.9719e-11,2.4707e-11,1.6778e-11,1.8449e-10,0.0000e+00,0.0000e+00,5.2751e-11,1.7000e-12,3.0000e-12,0.0000e+00,5.1462e-10,3.5558e-11,4.4561e-12,7.8100e-01,1.6000e-10,5.8462e-10,4.9047e-11,2.1982e-11,1.4748e-09,0.0000e+00,1.7071e-04
<ATMOSPHERE-LAYER-30>2.2663e-01,2.2660e+02,3.0471e-04,3.7950e-04,6.8951e-08,2.9634e-07,8.4092e-08,1.5256e-06,2.0900e-01,3.0000e-10,5.6989e-11,2.8763e-11,8.6824e-12,2.2076e-10,0.0000e+00,1.5659e-12,4.4838e-11,1.7000e-12,3.0000e-12,0.0000e+00,5.0369e-10,3.4111e-11,4.8230e-12,7.8100e-01,1.6000e-10,5.7273e-10,2.7170e-11,1.9252e-11,1.1487e-09,0.0000e+00,1.1581e-04
<ATMOSPHERE-LAYER-31>1.9256e-01,2.1707e+02,1.0922e-04,3.7950e-04,7.4929e-08,2.8944e-07,7.0249e-08,1.4921e-06,2.0900e-01,2.9945e-10,5.5946e-11,3.8627e-11,4.5572e-12,2.6018e-10,0.0000e+00,2.5955e-12,5.5382e-11,1.7000e-12,3.0000e-12,0.0000e+00,4.8923e-10,3.4503e-11,5.1251e-12,7.8100e-01,1.5945e-10,5.5614e-10,1.4734e-11,1.4695e-11,8.4133e-10,0.0000e+00,2.5824e-05
<ATMOSPHERE-LAYER-32>1.6366e-01,2.1027e+02,2.9409e-05,3.7950e-04,8.0701e-08,2.8246e-07,5.5782e-08,1.4625e-06,2.0900e-01,2.9664e-10,5.6195e-11,6.2375e-11,1.9343e-12,3.0963e-10,0.0000e+00,4.0049e-12,8.6278e-11,1.7000e-12,3.0000e-12,0.0000e+00,4.6902e-10,3.5708e-11,5.4442e-12,7.8100e-01,1.5782e-10,5.3620e-10,8.3164e-12,9.3622e-12,5.8868e-10,0.0000e+00,2.2643e-13
<ATMOSPHERE-LAYER-33>1.3912e-01,2.0779e+02,1.0716e-05,3.7950e-04,1.2663e-07,2.7541e-07,4.3706e-08,1.4335e-06,2.0900e-01,2.8776e-10,5.7064e-11,1.3288e-10,0.0000e+00,4.0484e-10,0.0000e+00,6.1111e-12,1.3843e-10,1.7000e-12,3.0000e-12,0.0000e+00,4.3947e-10,3.6200e-11,6.3607e-12,7.8100e-01,1.5579e-10,5.1291e-10,5.1472e-12,5.6297e-12,3.9880e-10,0.0000e+00,5.2973e-21
<ATMOSPHERE-LAYER-34>1.1825e-01,2.0496e+02,8.0225e-06,3.7950e-04,1.6310e-07,2.6541e-07,3.4017e-08,1.4022e-06,2.0900e-01,2.7372e-10,5.7500e-11,2.6253e-10,0.0000e+00,6.2825e-10,0.0000e+00,9.1988e-12,2.0876e-10,1.7000e-12,3.0000e-12,0.0000e+00,4.0250e-10,3.5953e-11,8.0412e-12,7.8100e-01,1.5314e-10,4.8692e-10,3.4208e-12,3.3264e-12,2.6017e-10,0.0000e+00,1.2474e-28
<ATMOSPHERE-LAYER-35>1.0051e-01,2.0537e+02,6.2806e-06,3.7950e-04,2.9520e-07,2.4865e-07,2.6889e-08,1.3677e-06,2.0900e-01,2.5751e-10,5.5010e-11,4.5008e-10,0.0000e+00,1.1125e-09,0.0000e+00,1.4694e-11,2.8681e-10,1.7000e-12,3.0000e-12,0.0000e+00,3.6178e-10,3.5276e-11,1.0887e-11,7.8100e-01,1.5003e-10,4.5865e-10,2.5206e-12,1.9084e-12,1.7140e-10,0.0000e+00,4.8581e-38
<ATMOSPHERE-LAYER-36>8.5439e-02,2.0795e+02,5.1271e-06,3.7950e-04,4.8235e-07,2.2499e-07,2.1267e-08,1.3331e-06,2.0900e-01,2.4369e-10,4.9612e-11,6.9359e-10,0.0000e+00,1.8643e-09,0.0000e+00,2.2997e-11,3.6288e-10,1.7000e-12,3.0000e-12,0.0000e+00,3.2098e-10,3.4446e-11,1.4979e-11,7.8100e-01,1.4623e-10,4.2960e-10,2.2584e-12,1.0740e-12,1.1852e-10,0.0000e+00,0.0000e+00
<ATMOSPHERE-LAYER-37>7.2558e-02,2.0796e+02,4.9648e-06,3.7950e-04,1.0031e-06,1.9295e-07,1.6580e-08,1.2920e-06,2.0900e-01,2.4295e-10,4.1817e-11,9.8447e-10,0.0000e+00,2.8930e-09,0.0000e+00,3.6410e-11,4.2710e-10,1.7000e-12,3.0000e-12,1.7786e-12,2.8315e-10,3.3978e-11,2.0953e-11,7.8100e-01,1.4205e-10,4.0180e-10,2.5650e-12,0.0000e+00,8.6239e-11,0.0000e+00,0.0000e+00
<ATMOSPHERE-LAYER-38>6.1496e-02,2.1228e+02,4.8859e-06,3.7950e-04,1.8274e-06,1.6541e-07,1.3745e-08,1.2354e-06,2.0900e-01,2.5280e-10,3.3457e-11,1.3241e-09,0.0000e+00,3.9944e-09,0.0000e+00,5.4208e-11,4.7962e-10,1.7000e-12,3.0000e-12,4.1211e-12,2.4759e-10,3.4220e-11,2.9083e-11,7.8100e-01,1.3780e-10,3.7419e-10,3.4804e-12,0.0000e+00,6.3992e-11,0.0000e+00,0.0000e+00
<ATMOSPHERE-LAYER-39>5.2016e-02,2.1530e+02,5.0777e-06,3.7950e-04,2.0453e-06,1.3569e-07,1.2438e-08,1.1624e-06,2.0900e-01,2.7437e-10,2.7321e-11,1.7158e-09,0.0000e+00,4.8516e-09,0.0000e+00,7.5310e-11,5.1806e-10,1.7000e-12,3.0000e-12,7.7305e-12,2.1723e-10,3.6501e-11,4.1442e-11,7.8100e-01,1.3436e-10,3.4611e-10,5.3881e-12,0.0000e+00,4.7421e-11,0.0000e+00,0.0000e+00
<ATMOSPHERE-LAYER-40>4.3910e-02,2.1693e+02,5.2115e-06,3.7950e-04,2.9795e-06,1.1511e-07,1.2320e-08,1.0685e-06,2.0900e-01,3.0614e-10,2.2912e-11,2.1485e-09,0.0000e+00,5.4451e-09,0.0000e+00,9.8388e-11,5.4822e-10,1.7000e-12,3.0000e-12,1.0627e-11,1.8875e-10,4.0199e-11,5.7178e-11,7.8100e-01,1.3011e-10,3.1775e-10,1.0166e-11,0.0000e+00,3.4336e-11,0.0000e+00,0.0000e+00
<ATMOSPHERE-LAYER-41>3.6993e-02,2.1866e+02,5.3176e-06,3.7950e-04,3.3395e-06,1.0268e-07,1.3175e-08,9.6254e-07,2.0900e-01,3.7023e-10,2.0509e-11,2.6340e-09,0.0000e+00,5.7512e-09,0.0000e+00,1.2604e-10,5.7826e-10,1.7000e-12,3.0000e-12,1.6010e-11,1.6096e-10,4.5630e-11,7.9053e-11,7.8100e-01,1.2433e-10,2.8173e-10,2.1646e-11,0.0000e+00,2.5202e-11,0.0000e+00,0.0000e+00
<ATMOSPHERE-LAYER-42>3.1089e-02,2.2084e+02,5.4171e-06,3.7950e-04,4.4696e-06,9.4581e-08,1.4299e-08,8.5748e-07,2.0900e-01,5.0878e-10,1.8630e-11,3.2279e-09,0.0000e+00,5.7832e-09,1.4118e-12,1.5790e-10,6.1560e-10,1.7025e-12,3.0000e-12,2.6672e-11,1.2984e-10,5.2477e-11,1.0705e-10,7.8100e-01,1.1752e-10,2.3393e-10,4.3173e-11,0.0000e+00,1.7246e-11,0.0000e+00,0.0000e+00
<ATMOSPHERE-LAYER-43>2.6049e-02,2.2320e+02,5.4958e-06,3.7950e-04,5.3460e-06,8.7759e-08,1.5595e-08,7.7269e-07,2.0900e-01,7.9882e-10,1.7098e-11,3.9447e-09,0.0000e+00,5.4589e-09,2.7195e-12,1.9118e-10,6.7013e-10,1.7196e-12,3.0000e-12,4.8328e-11,1.0016e-10,6.0859e-11,1.4114e-10,7.8100e-01,1.1147e-10,1.7550e-10,6.9843e-11,0.0000e+00,1.0964e-11,0.0000e+00,0.0000e+00
<ATMOSPHERE-LAYER-44>2.1761e-02,2.2457e+02,5.5842e-06,3.7950e-04,6.0867e-06,8.3029e-08,1.6593e-08,7.3086e-07,2.0900e-01,1.0945e-09,1.6055e-11,4.4764e-09,0.0000e+00,5.0663e-09,4.1207e-12,2.1503e-10,7.1982e-10,1.7444e-12,3.0000e-12,7.0737e-11,7.9785e-11,6.7766e-11,1.6747e-10,7.8100e-01,1.0749e-10,1.3526e-10,9.0215e-11,0.0000e+00,7.7544e-12,0.0000e+00,0.0000e+00
<ATMOSPHERE-LAYER-45>1.8124e-02,2.2580e+02,5.7106e-06,3.7950e-04,7.1872e-06,7.7953e-08,1.7660e-08,6.9282e-07,2.0900e-01,1.4685e-09,1.5078e-11,5.0275e-09,0.0000e+00,4.6460e-09,6.0793e-12,2.3854e-10,7.8918e-10,1.7826e-12,3.0000e-12,1.0094e-10,6.0975e-11,7.4549e-11,1.9383e-10,7.8100e-01,1.0376e-10,9.9884e-11,1.0832e-10,0.0000e+00,5.1601e-12,0.0000e+00,0.0000e+00
<ATMOSPHERE-LAYER-46>1.5050e-02,2.2729e+02,5.8244e-06,3.7950e-04,7.6959e-06,7.1103e-08,1.9089e-08,6.5454e-07,2.0900e-01,2.0812e-09,1.4030e-11,5.7345e-09,0.0000e+00,4.0804e-09,9.5881e-12,2.6629e-10,9.1329e-10,1.8559e-12,3.0000e-12,1.5342e-10,4.1389e-11,8.2509e-11,2.2577e-10,7.8100e-01,9.9727e-11,6.6995e-11,1.2560e-10,0.0000e+00,3.2748e-12,0.0000e+00,0.0000e+00
<ATMOSPHERE-LAYER-47>1.2460e-02,2.2980e+02,5.9678e-06,3.7950e-04,8.2218e-06,6.3679e-08,2.0464e-08,6.1779e-07,2.0900e-01,2.8446e-09,1.3153e-11,6.3592e-09,0.0000e+00,3.5219e-09,1.5930e-11,2.9002e-10,1.0434e-09,1.9683e-12,3.0000e-12,2.1763e-10,2.6280e-11,8.9899e-11,2.5467e-10,7.8100e-01,9.5991e-11,4.1642e-11,1.3600e-10,0.0000e+00,1.8951e-12,0.0000e+00,0.0000e+00
<ATMOSPHERE-LAYER-48>1.0285e-02,2.3254e+02,6.1840e-06,3.7950e-04,8.1724e-06,5.3974e-08,2.1976e-08,5.7746e-07,2.0900e-01,4.0047e-09,1.2428e-11,6.9448e-09,0.0000e+00,2.8804e-09,2.8368e-11,3.1066e-10,1.2063e-09,2.1691e-12,3.0000e-12,3.1356e-10,1.6519e-11,9.7540e-11,2.8312e-10,7.8100e-01,9.2143e-11,2.5299e-11,1.3600e-10,0.0000e+00,1.1750e-12,0.0000e+00,0.0000e+00
<ATMOSPHERE-LAYER-49>8.4564e-03,2.3542e+02,6.3736e-06,3.7950e-04,8.2283e-06,4.5747e-08,2.3331e-08,5.4148e-07,2.0900e-01,5.3220e-09,1.1948e-11,7.2312e-09,0.0000e+00,2.3017e-09,4.9021e-11,3.2850e-10,1.3680e-09,2.4299e-12,3.0000e-12,4.0282e-10,9.7361e-12,1.0403e-10,3.0359e-10,7.8100e-01,8.8640e-11,1.4699e-11,1.2902e-10,0.0000e+00,0.0000e+00,0.0000e+00,0.0000e+00
<ATMOSPHERE-LAYER-50>6.9183e-03,2.3884e+02,6.5483e-06,3.7950e-04,8.3460e-06,3.8760e-08,2.4553e-08,5.0917e-07,2.0900e-01,6.7660e-09,1.1672e-11,7.2700e-09,0.0000e+00,1.7761e-09,7.6408e-11,3.4399e-10,1.5284e-09,2.7398e-12,3.0000e-12,4.8636e-10,5.4262e-12,1.0957e-10,3.1742e-10,7.8100e-01,8.5431e-11,8.8616e-12,1.1630e-10,0.0000e+00,0.0000e+00,0.0000e+00,0.0000e+00
<ATMOSPHERE-LAYER-51>5.6318e-03,2.4197e+02,6.6241e-06,3.7950e-04,8.2493e-06,3.1394e-08,2.5952e-08,4.7458e-07,2.0900e-01,8.1794e-09,1.1836e-11,6.7981e-09,0.0000e+00,1.3225e-09,1.2437e-10,3.5934e-10,1.6267e-09,3.2310e-12,3.0000e-12,5.5477e-10,3.0297e-12,1.1194e-10,3.1297e-10,7.8100e-01,8.2521e-11,5.3090e-12,9.9819e-11,0.0000e+00,0.0000e+00,0.0000e+00,0.0000e+00
<ATMOSPHERE-LAYER-52>4.5617e-03,2.4550e+02,6.7085e-06,3.7950e-04,7.9100e-06,2.4722e-08,2.7307e-08,4.4209e-07,2.0900e-01,9.4512e-09,1.2190e-11,6.1267e-09,0.0000e+00,9.4200e-10,1.7687e-10,3.7337e-10,1.6930e-09,3.7629e-12,3.0000e-12,6.0628e-10,1.5445e-12,1.1240e-10,3.0065e-10,7.8100e-01,7.9967e-11,2.9278e-12,8.3821e-11,0.0000e+00,0.0000e+00,0.0000e+00,0.0000e+00
<ATMOSPHERE-LAYER-53>3.6765e-03,2.5002e+02,6.7950e-06,3.7950e-04,7.0906e-06,1.9431e-08,2.8969e-08,4.0580e-07,2.0900e-01,1.0708e-08,1.3203e-11,4.6198e-09,0.0000e+00,6.4806e-10,2.5458e-10,3.8892e-10,1.7268e-09,4.5873e-12,3.0000e-12,5.9817e-10,0.0000e+00,1.0565e-10,2.6281e-10,7.8100e-01,7.7332e-11,1.7723e-12,6.9360e-11,0.0000e+00,0.0000e+00,0.0000e+00,0.0000e+00
<ATMOSPHERE-LAYER-54>2.9483e-03,2.5447e+02,6.9618e-06,3.7950e-04,6.1959e-06,1.4962e-08,3.0350e-08,3.6974e-07,2.0900e-01,1.1490e-08,1.4803e-11,3.2583e-09,0.0000e+00,4.1642e-10,3.3520e-10,4.0122e-10,1.7483e-09,5.4161e-12,3.0000e-12,5.2779e-10,0.0000e+00,9.3251e-11,2.1315e-10,7.8100e-01,7.4931e-11,1.1329e-12,5.8722e-11,0.0000e+00,0.0000e+00,0.0000e+00,0.0000e+00
<ATMOSPHERE-LAYER-55>2.3526e-03,2.5856e+02,7.1187e-06,3.7950e-04,5.1770e-06,1.1234e-08,3.1529e-08,3.3434e-07,2.0900e-01,1.1882e-08,1.6897e-11,2.0799e-09,0.0000e+00,2.4043e-10,4.1527e-10,4.1097e-10,1.7626e-09,6.1936e-12,3.0000e-12,4.1693e-10,0.0000e+00,7.6735e-11,1.5812e-10,7.8100e-01,7.2735e-11,0.0000e+00,5.1055e-11,0.0000e+00,0.0000e+00,0.0000e+00,0.0000e+00
<ATMOSPHERE-LAYER-56>1.8679e-03,2.6413e+02,7.2707e-06,3.7950e-04,4.3629e-06,8.3148e-09,3.2790e-08,2.9586e-07,2.0900e-01,1.1733e-08,2.0253e-11,1.3193e-09,0.0000e+00,1.4274e-10,4.9357e-10,4.1917e-10,1.7850e-09,6.7305e-12,3.0000e-12,2.8121e-10,0.0000e+00,5.3395e-11,1.0845e-10,7.8100e-01,7.0498e-11,0.0000e+00,4.5612e-11,0.0000e+00,0.0000e+00,0.0000e+00,0.0000e+00
<ATMOSPHERE-LAYER-57>1.4757e-03,2.6864e+02,7.3454e-06,3.7950e-04,3.6808e-06,6.2469e-09,3.4159e-08,2.5772e-07,2.0900e-01,1.1276e-08,2.5054e-11,8.5718e-10,0.0000e+00,9.4380e-11,5.5214e-10,4.2282e-10,1.7960e-09,6.9892e-12,3.0000e-12,1.9352e-10,0.0000e+00,2.8900e-11,6.8239e-11,7.8100e-01,6.8185e-11,0.0000e+00,4.0528e-11,0.0000e+00,0.0000e+00,0.0000e+00,0.0000e+00
<ATMOSPHERE-LAYER-58>1.1600e-03,2.6912e+02,7.4566e-06,3.7950e-04,3.1688e-06,4.5133e-09,3.5476e-08,2.2152e-07,2.0900e-01,1.0732e-08,3.0730e-11,5.8047e-10,0.0000e+00,6.8754e-11,6.1582e-10,4.2438e-10,1.8000e-09,7.1030e-12,3.0000e-12,1.3606e-10,0.0000e+00,1.2004e-11,4.0033e-11,7.8100e-01,6.5964e-11,0.0000e+00,3.6773e-11,0.0000e+00,0.0000e+00,0.0000e+00,0.0000e+00
<ATMOSPHERE-LAYER-59>9.0729e-04,2.6691e+02,7.5450e-06,3.7950e-04,2.6773e-06,3.0962e-09,3.6729e-08,1.9069e-07,2.0900e-01,1.0280e-08,3.6633e-11,4.3257e-10,0.0000e+00,5.4397e-11,7.0287e-10,4.2500e-10,1.8000e-09,7.1410e-12,3.0000e-12,1.0128e-10,0.0000e+00,4.7892e-12,2.4267e-11,7.8100e-01,6.4079e-11,0.0000e+00,3.4940e-11,0.0000e+00,0.0000e+00,0.0000e+00,0.0000e+00
<ATMOSPHERE-LAYER-60>7.0596e-04,2.6329e+02,7.5993e-06,3.7950e-04,2.2110e-06,2.5490e-09,3.8012e-08,1.7361e-07,2.0900e-01,1.0188e-08,4.1389e-11,3.8455e-10,0.0000e+00,4.9318e-11,8.3124e-10,4.2500e-10,1.8000e-09,7.1456e-12,3.0000e-12,8.8769e-11,0.0000e+00,3.3577e-12,1.9511e-11,7.8100e-01,6.3064e-11,0.0000e+00,3.5587e-11,0.0000e+00,0.0000e+00,0.0000e+00,0.0000e+00
<ATMOSPHERE-LAYER-61>5.4629e-04,2.5709e+02,7.6554e-06,3.7950e-04,1.7664e-06,2.1151e-09,3.9030e-08,1.6006e-07,2.0900e-01,1.0114e-08,4.5161e-11,3.4646e-10,0.0000e+00,4.5290e-11,9.3305e-10,4.2500e-10,1.8000e-09,7.1493e-12,3.0000e-12,7.8845e-11,0.0000e+00,2.2225e-12,1.5739e-11,7.8100e-01,6.2258e-11,0.0000e+00,3.6100e-11,0.0000e+00,0.0000e+00,0.0000e+00,0.0000e+00
<ATMOSPHERE-LAYER-62>4.2042e-04,2.4948e+02,7.6715e-06,3.7950e-04,1.4618e-06,1.7836e-09,4.2149e-08,1.5452e-07,2.0900e-01,1.0100e-08,4.8080e-11,3.1798e-10,0.0000e+00,4.2126e-11,1.2671e-09,4.2500e-10,1.8000e-09,7.1500e-12,3.0000e-12,7.1490e-11,0.0000e+00,1.6303e-12,1.3249e-11,7.8100e-01,6.1361e-11,0.0000e+00,4.2544e-11,0.0000e+00,0.0000e+00,0.0000e+00,0.0000e+00
<ATMOSPHERE-LAYER-63>3.2178e-04,2.4335e+02,7.6522e-06,3.7950e-04,1.2012e-06,1.5267e-09,4.5193e-08,1.5152e-07,2.0900e-01,1.0100e-08,5.0353e-11,2.9606e-10,0.0000e+00,3.9650e-11,1.5947e-09,4.2500e-10,1.8000e-09,7.1500e-12,3.0000e-12,6.5848e-11,0.0000e+00,1.2446e-12,1.1422e-11,7.8100e-01,6.0589e-11,0.0000e+00,4.9161e-11,0.0000e+00,0.0000e+00,0.0000e+00,0.0000e+00
<ATMOSPHERE-LAYER-64>2.4494e-04,2.3861e+02,7.6019e-06,3.7950e-04,9.8616e-07,1.3203e-09,5.0252e-08,1.5000e-07,2.0900e-01,1.0141e-08,5.1419e-11,2.7849e-10,0.0000e+00,3.7688e-11,2.1629e-09,4.2500e-10,1.8000e-09,7.1500e-12,3.0000e-12,6.1413e-11,0.0000e+00,0.0000e+00,1.0060e-11,7.8100e-01,5.9915e-11,0.0000e+00,6.7455e-11,0.0000e+00,0.0000e+00,0.0000e+00,0.0000e+00
<ATMOSPHERE-LAYER-65>1.8542e-04,2.3466e+02,7.5222e-06,3.7950e-04,8.2145e-07,1.1516e-09,5.7998e-08,1.5000e-07,2.0900e-01,1.0230e-08,5.1240e-11,2.6417e-10,0.0000e+00,3.6122e-11,3.0489e-09,4.2500e-10,1.8000e-09,7.1500e-12,3.0000e-12,5.7922e-11,0.0000e+00,0.0000e+00,9.0939e-12,7.8100e-01,5.9289e-11,0.0000e+00,1.0035e-10,0.0000e+00,0.0000e+00,0.0000e+00,0.0000e+00
<ATMOSPHERE-LAYER-66>1.3960e-04,2.2854e+02,7.4404e-06,3.7950e-04,6.9185e-07,1.0217e-09,6.3962e-08,1.5000e-07,2.0900e-01,1.0299e-08,5.1102e-11,2.5314e-10,0.0000e+00,3.4916e-11,3.7311e-09,4.2500e-10,1.8000e-09,7.1500e-12,3.0000e-12,5.5235e-11,0.0000e+00,0.0000e+00,8.3497e-12,7.8100e-01,5.8806e-11,0.0000e+00,1.2567e-10,0.0000e+00,0.0000e+00,0.0000e+00,0.0000e+00
<ATMOSPHERE-LAYER-67>1.0452e-04,2.2028e+02,7.3064e-06,3.7950e-04,5.9066e-07,9.0374e-10,8.9734e-08,1.5000e-07,2.0900e-01,1.0875e-08,4.7317e-11,2.4247e-10,0.0000e+00,3.3847e-11,5.3920e-09,4.2500e-10,1.8000e-09,7.1500e-12,3.0000e-12,5.2902e-11,0.0000e+00,0.0000e+00,7.7510e-12,7.8100e-01,5.8178e-11,0.0000e+00,2.4619e-10,0.0000e+00,0.0000e+00,0.0000e+00,0.0000e+00
<ATMOSPHERE-LAYER-68>7.7673e-05,2.1365e+02,7.1016e-06,3.7950e-04,4.6644e-07,8.1319e-10,1.0975e-07,1.5000e-07,2.0900e-01,1.1322e-08,4.4371e-11,2.3426e-10,0.0000e+00,3.3026e-11,6.6786e-09,4.2500e-10,1.8000e-09,7.1500e-12,3.0000e-12,5.1111e-11,0.0000e+00,0.0000e+00,7.2923e-12,7.8100e-01,5.7693e-11,0.0000e+00,3.3979e-10,0.0000e+00,0.0000e+00,0.0000e+00,0.0000e+00
<ATMOSPHERE-LAYER-69>5.6793e-05,2.0803e+02,7.0046e-06,3.7950e-04,3.4376e-07,7.3540e-10,1.6620e-07,1.5000e-07,2.0900e-01,1.2769e-08,3.9089e-11,2.2659e-10,0.0000e+00,3.2286e-11,8.2963e-09,4.2500e-10,1.8000e-09,7.1500e-12,3.0000e-12,4.9517e-11,0.0000e+00,0.0000e+00,6.8948e-12,7.8100e-01,5.7141e-11,0.0000e+00,5.8198e-10,0.0000e+00,0.0000e+00,0.0000e+00,0.0000e+00
<ATMOSPHERE-LAYER-70>4.0142e-05,1.9993e+02,7.0723e-06,3.7950e-04,2.1710e-07,6.6723e-10,2.4531e-07,1.5000e-07,2.0900e-01,1.4839e-08,3.2384e-11,2.1939e-10,0.0000e+00,3.1611e-11,1.0101e-08,4.2500e-10,1.8000e-09,7.1500e-12,3.0000e-12,4.8077e-11,0.0000e+00,0.0000e+00,6.5438e-12,7.8100e-01,5.6556e-11,0.0000e+00,9.1633e-10,0.0000e+00,0.0000e+00,0.0000e+00,0.0000e+00
<ATMOSPHERE-LAYER-71>2.6350e-05,1.9118e+02,6.9348e-06,3.7903e-04,1.1679e-07,6.0358e-10,3.7218e-07,1.5000e-07,2.0900e-01,1.8270e-08,2.5258e-11,2.1236e-10,0.0000e+00,3.0977e-11,1.1220e-08,4.2500e-10,1.8000e-09,7.1500e-12,3.0000e-12,4.6734e-11,0.0000e+00,0.0000e+00,6.2185e-12,7.8100e-01,5.5957e-11,0.0000e+00,1.2984e-09,0.0000e+00,0.0000e+00,0.0000e+00,0.0000e+00
<ATMOSPHERE-LAYER-72>1.5000e-05,1.8477e+02,6.2973e-06,3.7758e-04,4.9749e-08,5.3478e-10,6.1683e-07,1.5000e-07,2.0900e-01,2.5017e-08,1.5800e-11,2.0417e-10,0.0000e+00,3.0283e-11,1.1283e-08,4.2500e-10,1.8000e-09,7.1500e-12,3.0000e-12,4.5283e-11,0.0000e+00,0.0000e+00,5.8717e-12,7.8100e-01,5.5200e-11,0.0000e+00,1.8533e-09,0.0000e+00,0.0000e+00,0.0000e+00,0.0000e+00
<ATMOSPHERE-TEMPERATURE>210
<ATMOSPHERE-TAU>0.07,0.07,0.07,0.07,0.07,0.07,0.07,0.07
<ATMOSPHERE-NMAX>0
<ATMOSPHERE-LMAX>0
<ATMOSPHERE-NAERO>0
<ATMOSPHERE-CONTINUUM>Rayleigh,Refraction,CIA_all,UV_all
<SURFACE-TEMPERATURE>294.64
<SURFACE-ALBEDO>0.40
<SURFACE-EMISSIVITY>0.70
<SURFACE-MODEL>Lambert
<SURFACE-PHASEMODEL>ISO
<SURFACE-GAS-RATIO>1.0
<SURFACE-GAS-UNIT>ratio
<SURFACE-NSURF>0
<GENERATOR-INSTRUMENT>user
<GENERATOR-BEAM>1
<GENERATOR-BEAM-UNIT>diameter
<GENERATOR-GAS-MODEL>Y
<GENERATOR-CONT-MODEL>Y
<GENERATOR-RANGE1>760
<GENERATOR-RANGE2>780
<GENERATOR-RANGEUNIT>nm
<GENERATOR-RESOLUTION>0.002
<GENERATOR-RESOLUTIONUNIT>nm
<GENERATOR-RADUNITS>Wm2um
<GENERATOR-DIAMTELE>6.5
<GENERATOR-LOGRAD>N
<GENERATOR-CONT-STELLAR>Y
<GENERATOR-TRANS-APPLY>N
<GENERATOR-TRANS-SHOW>N
<GENERATOR-TRANS>02-01
<GENERATOR-NOISE>NO
<GENERATOR-NOISE2>1
<GENERATOR-NOISETIME>0.2
<GENERATOR-NOISEOTEMP>300
<GENERATOR-NOISEOEFF>1
<GENERATOR-NOISEOEMIS>1
<GENERATOR-NOISEFRAMES>4000
<GENERATOR-NOISEPIXELS>1
<GENERATOR-NOISE1>1
<GENERATOR-TELESCOPE>SINGLE
<GENERATOR-TELESCOPE1>1
<GENERATOR-TELESCOPE2>2.0
<GENERATOR-TELESCOPE3>1.0
<GENERATOR-RESOLUTIONKERNEL>Y
<OBJECT-SHAPE>Sphere
<GEOMETRY-TEMISSION>294.640
